sets
j day     /1*365/;

parameters
CBE     Price for buying electricity imported from the grid   /0.003/
EL      Electricity load   /105/
q(j)    Heating and cooling load / 1        41.77032205 ,
2        40.53698186  ,
3        42.16351608  ,
4        42.88854674  ,
5        38.08170044  ,
6        37.97284733  ,
7        40.57181204  ,
8        43.51415306  ,
9        41.35503372  ,
10        47.04023383 ,
11        46.3945034   ,
12        45.85164514  ,
13        40.63570255  ,
14        37.12615732  ,
15        40.68122806  ,
16        36.96354612  ,
17        38.17662148  ,
18        49.79540661  ,
19        51.65287548  ,
20        50.04977247  ,
21        48.18266373  ,
22        44.76072168  ,
23        44.82447147  ,
24        44.8148316   ,
25        41.30613074  ,
26        39.08987583  ,
27        35.31555087  ,
28        33.16339757  ,
29        37.21242358  ,
30        38.79399521  ,
31        37.8796854   ,
32        38.13334762  ,
33        37.79890752  ,
34        42.1452918   ,
35        46.36924272  ,
36        46.37212765  ,
37        42.51927646  ,
38        37.13016807  ,
39        33.71005548  ,
40        35.65076497  ,
41        36.57351846   ,
42        37.92471836   ,
43        43.73530711   ,
44        42.53278635   ,
45        39.83094948   ,
46        36.63980135   ,
47        40.0283205    ,
48        44.40517239   ,
49        43.51689726   ,
50        44.44605388   ,
51        46.99759324   ,
52        44.11738363    ,
53        41.64852196    ,
54        38.9140362     ,
55        37.55235207    ,
56        39.04195795    ,
57        39.13167205    ,
58        36.04804011    ,
59        37.09252333     ,
60        40.11613477     ,
61        41.07822174     ,
62        37.7090527       ,
63        37.09196042      ,
64        35.64795041      ,
65        36.01982415      ,
66        34.62345057      ,
67        36.59821623      ,
68        41.05042796      ,
69        38.34809854      ,
70        35.52945743      ,
71        33.13778507       ,
72        28.69528357        ,
73        27.13700242         ,
74        34.95015062          ,
75        33.30862886      ,
76        35.22182602      ,
77        39.14187483      ,
78        36.75899797      ,
79        38.0166841      ,
80        40.18875042      ,
81        37.0325732       ,
82        34.43079394      ,
83        31.90585216      ,
84        30.61312475      ,
85        31.90852599      ,
86        33.46483694      ,
87        34.63344226      ,
88        32.82916857      ,
89        30.09046096      ,
90        28.0953601       ,
91        28.32720948      ,
92        32.08844674      ,
93        29.68762706      ,
94        29.58510671      ,
95        27.63876811      ,
96        26.4543309       ,
97        28.59297431      ,
98        25.24723648      ,
99        25.62438752      ,
100        22.83656584     ,
101        19.61966448     ,
102        21.7346656       ,
103        24.4585264       ,
104        25.69144441      ,
105        21.65620974       ,
106        19.99864499      ,
107        18.45577356      ,
108        22.15354249      ,
109        24.54289284      ,
110        28.57446858      ,
111        28.16480937      ,
112        30.76729228      ,
113        36.08484048      ,
114        36.4759236       ,
115        33.50487406      ,
116        30.72605897      ,
117        27.59985682      ,
118        24.73498656      ,
119        20.89233815      ,
120        21.60751785      ,
121        18.17628775      ,
122        15.08041248      ,
123        14.91020196      ,
124        15.21755192      ,
125        14.22893772      ,
126        12.69141395      ,
127        12.14264512      ,
128        12.43296698      ,
129        10.64888776      ,
130        15.22458832      ,
131        14.44108518      ,
132        11.53399652      ,
133        10.05628215      ,
134        11.41184461      ,
135        12.93663249      ,
136        14.28698802      ,
137        14.01869008      ,
138        12.490384        ,
139        10.72811762      ,
140        12.28991697      ,
141        11.43555728      ,
142        19.34292287      ,
143        12.89624356      ,
144        9.23386772       ,
145        8.438473064      ,
146        8.776079536      ,
147        8.564494988      ,
148        9.495129252      ,
149        10.75140811      ,
150        12.02021176      ,
151        14.08363606      ,
152        13.87782136      ,
153        11.26745768      ,
154        9.636560892      ,
155        8.576527232      ,
156        8.413845664      ,
157        7.810966912      ,
158        7.733918332      ,
159        8.34587404       ,
160        7.708939112      ,
161        7.455699076      ,
162        7.182334936      ,
163        8.027899124      ,
164        7.80934854       ,
165        8.50771124       ,
166        8.261859424      ,
167        7.63062398       ,
168        8.286909008      ,
169        7.718649344      ,
170        7.32067056       ,
171        8.19705418       ,
172        7.959505316      ,
173        8.430029384      ,
174        7.567085288      ,
175        7.851285484      ,
176        8.619660364      ,
177        8.21394154       ,
178        7.624431948      ,
179        7.547875916      ,
180        8.264533256      ,
181        8.733087132      ,
182        9.009969472      ,
183        8.198391096      ,
184        7.706406008      ,
185        8.190228872      ,
186        7.247632728      ,
187        7.507979528      ,
188        7.02549358       ,
189        7.568422204      ,
190        7.98772128       ,
191        8.015655788      ,
192        6.8622491        ,
193        7.967526812      ,
194        8.57279794       ,
195        8.047389952      ,
196        7.610359148      ,
197        7.728711396      ,
198        8.1956469        ,
199        8.732031672      ,
200        8.534660652      ,
201        9.474020052      ,
202        7.6081075        ,
203        7.608881504      ,
204        7.266068096      ,
205        7.971748652      ,
206        8.735972056      ,
207        8.124016348      ,
208        7.2316601        ,
209        8.002638448     ,
210        7.805971068     ,
211        7.740462184     ,
212        8.968806532     ,
213        9.1525973        ,
214        7.540346968     ,
215        9.125366432     ,
216        8.092282184     ,
217        8.874448408     ,
218        8.482450564     ,
219        7.721112084     ,
220        7.338472652     ,
221        6.712584872     ,
222        7.181842388     ,
223        7.397296956     ,
224        5.866739228     ,
225        6.283012652     ,
226        6.851624136     ,
227        7.782539856     ,
228        7.996094596     ,
229        8.393862288     ,
230        7.930304256     ,
231        8.009041572     ,
232        7.066234336     ,
233        7.814485112     ,
234        7.95852022      ,
235        7.802452868     ,
236        7.961827328     ,
237        7.504742784     ,
238        7.265997732     ,
239        7.029926512     ,
240        8.001723716     ,
241        6.577345264     ,
242        6.350843548     ,
243        6.786818892     ,
244        7.284010916     ,
245        7.638645476     ,
246        8.46936286      ,
247        8.65547564      ,
248        8.061392388     ,
249        7.697680872     ,
250        8.472036692     ,
251        9.119455856     ,
252        10.13058654     ,
253        10.84703278     ,
254        10.71158208     ,
255        11.99720273     ,
256        12.83397142     ,
257        12.32861717     ,
258        10.6204607      ,
259        9.894093132     ,
260        9.19903754      ,
261        7.94479924      ,
262        7.708446564     ,
263        7.67530512      ,
264        8.018540712     ,
265        8.420670972     ,
266        9.8421645       ,
267        8.867482372     ,
268        9.414843928     ,
269        8.389710812     ,
270        9.266727708     ,
271        9.940111188     ,
272        9.487389212     ,
273        11.51570188     ,
274        10.83661891     ,
275        11.31966777     ,
276        12.25374987     ,
277        11.40994478     ,
278        15.02039199     ,
279        15.13614077     ,
280        12.18479315     ,
281        10.75246357     ,
282        11.26809096     ,
283        14.44439228     ,
284        14.15027076     ,
285        13.19303891     ,
286        18.11992619     ,
287        19.14217438     ,
288        18.27409371     ,
289        16.2355079      ,
290        15.92639885     ,
291        16.78568402     ,
292        15.63178478     ,
293        19.76686597     ,
294        21.96341896     ,
295        24.4557822      ,
296        24.21267458     ,
297        22.50972506     ,
298        23.26015712     ,
299        24.10579167     ,
300        25.03558156     ,
301        27.50036212     ,
302        24.5193209      ,
303        25.29255089     ,
304        25.8806532      ,
305        27.54096215    ,
306        26.26624792    ,
307        27.74424374    ,
308        29.2133737     ,
309        28.80793633     ,
310        29.05941727    ,
311        28.6547539     ,
312        29.25538101     ,
313        29.31476822     ,
314        28.27908051     ,
315        29.56899336     ,
316        28.01929662     ,
317        28.07692474     ,
318        30.99801583     ,
319        36.9436331      ,
320        45.61817739     ,
321        45.83616506     ,
322        42.49858945     ,
323        41.3159817      ,
324        42.9660175      ,
325        42.12805262     ,
326        42.87742922     ,
327        43.49846189     ,
328        45.44290066     ,
329        44.35183648     ,
330        40.4635922      ,
331        38.09767307     ,
332        34.08396978     ,
333        33.61309389     ,
334        34.68501907     ,
335        33.21701494     ,
336        33.09760723     ,
337        37.25330507     ,
338        38.83023267     ,
339        37.98924214     ,
340        38.28976679     ,
341        39.19077781     ,
342        39.20689116     ,
343        42.66781487     ,
344        40.34369195     ,
345        40.51516902     ,
346        42.30318862     ,
347        41.74280972     ,
348        39.21603848     ,
349        38.02139849     ,
350        37.40156202     ,
351        39.44366602     ,
352        40.46964351     ,
353        39.14032682     ,
354        36.65668871     ,
355        36.1618187      ,
356        38.14024329     ,
357        36.49485151     ,
358        35.4378435      ,
359        34.89245214     ,
360        36.36481884     ,
361        35.91209686     ,
362        38.5858585      ,
363        39.18676706     ,
364        38.51598705     ,
365        40.04147857     /


 ;
positive variable
Eimp(j)  Electricity import
;
variable
OF
;
equation
c1
c2


;
c1..  OF=e=sum(j,CBE*Eimp(j)) ;
c2(j).. Eimp(j)=e=EL+q(j)      ;

Model opt /all/;
Solve opt us LP min OF;
execute_unload "paye.gdx" ;
